510 460 460 790 460 590 5980 750 

540 5360 550 560 430 660 510 720 670 

320 430 4210 710 3720 610 

610 700 570 8120 

590 580 980 7850 

440 450 840 8270 

490 9510 

400 4150 5070 380 

650 9350 

340 380 360 460 8040 420 

470 3900 5630 

2110 6060 1830 

10000 

MCTS won (0/1) games already!
700 420 910 1470 440 710 860 600 3890 

280 670 590 480 690 810 870 620 3700 810 480 

80 120 90 80 80 80 90 110 80 60 9060 70 

MCTS won (1/2) games already!
670 540 4910 780 1140 560 680 720 

460 420 300 3570 410 420 470 410 420 3120 

420 3200 4480 660 640 600 

4350 1200 1010 3440 

7430 280 400 310 300 280 310 350 340 

490 690 1350 710 740 5090 930 

460 7570 920 420 220 410 

410 160 370 1820 3470 1490 1390 480 410 

100 110 110 110 9060 110 130 130 140 

60 80 80 80 50 9580 70 

MCTS won (2/3) games already!
450 410 790 750 960 2580 960 860 920 1320 

250 5370 360 490 580 410 410 400 440 480 410 400 

800 1030 960 730 760 980 910 920 900 2010 

950 1180 880 4590 1250 1150 

940 1000 2400 1160 1390 1310 950 850 

2970 690 2970 570 2070 730 

2490 2590 2520 2400 

MCTS won (2/4) games already!
710 360 990 3380 760 800 560 740 760 940 

410 730 870 510 410 3460 600 610 640 600 580 580 

120 9270 70 60 60 110 60 60 60 50 80 

MCTS won (3/5) games already!
330 410 5660 510 620 540 610 670 650 

840 1000 620 650 800 520 700 980 1050 830 750 550 710 

1030 600 730 1020 1010 790 840 500 680 880 1070 850 

380 820 560 370 4430 350 390 390 390 410 350 380 380 400 

370 4140 280 480 360 610 690 470 590 530 570 440 470 

3580 2010 1370 1060 1980 

270 5470 420 450 470 450 530 450 390 490 610 

670 630 5760 650 540 560 630 560 

560 1830 820 850 4920 1020 

990 3910 3770 700 630 

3340 3360 3300 

MCTS won (3/6) games already!
680 590 790 700 1040 1070 1030 4100 

830 270 1200 570 1210 4470 840 610 

450 330 430 740 580 620 710 580 470 2700 420 650 430 510 380 

270 540 510 540 470 390 510 340 680 3960 1790 

760 430 500 520 500 580 3220 440 480 600 720 500 350 400 

220 180 230 220 190 240 190 7570 130 230 200 200 200 

100 120 70 90 80 120 80 100 110 90 70 8970 

MCTS won (4/7) games already!
550 810 370 880 810 670 800 890 760 520 730 610 710 890 

460 790 810 600 1030 930 810 850 780 1000 740 1200 

350 710 650 220 720 610 500 450 570 500 610 810 640 540 570 520 620 410 

360 1140 360 610 640 690 720 520 880 800 480 360 490 550 410 390 600 

210 1190 670 210 710 1060 740 710 1080 730 390 370 500 520 410 500 

100 110 130 150 130 190 160 130 170 150 7910 150 160 70 110 180 

MCTS won (5/8) games already!
390 730 370 1560 1030 660 1710 1040 470 970 1070 

310 1230 660 980 660 570 700 590 370 620 410 850 610 740 380 320 

450 790 600 660 640 500 460 450 470 780 510 430 750 600 570 610 730 

400 2760 500 630 630 770 620 500 910 790 710 780 

470 620 940 650 730 710 610 810 580 720 760 530 1010 860 

510 430 560 980 680 580 1040 740 550 700 630 620 620 790 570 

320 570 610 440 410 360 420 590 430 410 410 530 390 460 620 480 470 530 640 430 480 

290 2880 270 460 300 410 350 350 3260 300 350 370 410 

390 1270 380 450 2320 520 510 360 610 460 720 380 370 370 450 440 

300 440 880 420 410 460 820 450 800 640 390 1180 520 310 550 470 350 610 

50 160 190 5230 150 260 270 200 160 200 240 240 160 170 150 190 210 1580 190 

90 100 100 90 8460 60 110 100 100 110 60 100 100 60 100 110 50 100 

MCTS won (6/9) games already!
400 340 310 840 3240 860 790 780 670 990 780 

760 680 1240 1110 1770 740 1760 1000 940 

350 930 370 1110 880 700 990 980 900 690 770 660 670 

520 380 570 840 900 670 1060 1190 540 600 950 690 580 510 

560 530 770 1310 1440 1210 1420 1790 970 

390 470 820 1050 780 950 750 3540 610 640 

590 1210 1850 1130 810 970 3440 

430 400 960 910 1000 5510 790 

2040 2110 2080 1860 1910 

MCTS won (6/10) games already!
530 560 920 1230 960 2350 1340 650 810 650 

450 550 1240 840 780 640 1260 580 850 1050 760 1000 

380 760 1610 900 820 1370 1570 1050 1540 

580 890 820 930 610 470 910 1040 880 1220 670 980 

5510 360 990 310 350 340 390 370 380 340 330 330 

280 370 140 340 430 340 410 4410 340 200 320 420 530 350 330 400 390 

60 160 130 110 130 140 130 130 7830 120 120 170 140 120 130 140 110 130 

MCTS won (7/11) games already!
670 480 1250 630 780 570 4090 670 860 

350 400 6310 880 780 700 580 

1090 310 280 900 2240 1220 840 770 1110 1240 

430 630 340 540 1330 1270 470 710 480 750 1110 440 1010 490 

1050 970 1090 860 700 1250 4080 

700 400 430 4860 1010 1190 1410 

360 350 340 5060 470 1910 430 710 370 

510 450 690 720 790 5140 850 850 

1830 1350 870 1110 900 930 840 900 1270 

300 750 790 670 600 730 3980 640 850 690 

2340 2560 2450 2650 

MCTS won (7/12) games already!
550 560 770 870 480 940 780 970 740 810 1890 640 

90 450 420 520 650 390 470 6210 350 450 

70 90 70 90 70 70 60 110 60 80 4470 80 80 4470 60 70 

MCTS won (8/13) games already!
500 410 3180 910 720 870 880 1120 1410 

520 1110 930 670 780 1090 880 670 930 910 720 790 

370 530 1070 560 430 740 1260 1070 1010 1020 670 1270 

480 600 910 470 760 1030 1140 730 700 830 580 470 560 740 

910 850 840 840 890 740 820 860 810 870 850 720 

MCTS won (8/14) games already!
430 590 480 5980 750 480 550 740 

1060 320 550 1120 960 530 5460 

180 470 2630 600 4130 590 440 490 470 

620 790 560 5970 710 740 610 

450 1190 600 760 1150 5850 

1160 6710 1050 250 210 200 210 210 

300 7710 290 260 280 320 280 280 280 

180 400 2900 600 2090 3230 600 

1420 650 830 590 3300 2540 670 

190 3230 1990 320 1930 2340 

280 4500 5220 

5220 4190 590 

730 170 1520 3710 3870 

200 2580 1750 710 2600 2160 

110 2130 1610 3050 1550 1320 230 

250 2460 2910 290 4090 

200 200 730 8870 

1920 2240 190 190 5460 

9810 190 

10000 

240 2770 1610 1900 2030 1140 310 

160 180 1380 8280 

80 80 9660 90 90 

MCTS won (9/15) games already!
610 460 4000 1830 620 940 750 790 

260 6680 840 690 760 770 

160 290 7500 380 310 250 280 250 290 290 

570 570 6830 720 670 640 

880 850 830 660 810 5970 

670 640 570 610 770 610 620 620 600 3190 630 470 

440 450 440 400 540 460 340 3040 340 3090 460 

380 240 570 1990 440 3490 600 2290 

140 2860 310 320 370 380 1370 4250 

540 550 1870 630 3270 3140 

530 4620 4390 460 

100 3030 2920 3490 460 

10000 

5080 4920 

MCTS won (9/16) games already!
320 380 550 730 640 610 650 1770 770 360 3220 

800 1010 1350 1590 960 1260 1730 1300 

480 320 290 400 430 470 480 2950 310 350 470 360 350 370 430 520 570 450 

620 400 1650 530 1020 980 780 600 560 450 720 990 700 

1040 1560 1870 780 1490 1020 1520 720 

860 910 770 1010 840 1530 1120 1130 1060 770 

670 470 350 620 510 650 430 500 620 420 540 670 550 740 720 480 550 510 

570 660 500 590 430 560 570 470 580 520 510 490 530 400 650 490 530 430 520 

380 740 840 490 480 500 440 2760 530 590 390 440 520 900 

610 880 800 580 740 1080 870 760 610 810 960 520 780 

540 1630 1200 1170 1300 970 2140 1050 

370 640 550 680 800 470 560 5290 640 

790 330 5220 480 320 860 530 500 970 

600 450 730 560 950 910 440 4470 370 520 

3110 3890 680 1040 720 560 

520 530 4050 630 390 520 590 650 690 400 430 600 

3680 530 650 3640 850 650 

310 1550 350 310 640 420 1750 670 660 1690 530 530 590 

290 1070 1120 1250 810 2110 320 800 320 930 980 

90 320 240 380 430 250 300 2590 210 310 1480 410 1030 300 290 370 390 310 300 

660 240 640 2380 1340 580 450 410 710 520 380 590 600 500 

380 110 270 960 2550 680 2260 340 1780 360 310 

70 120 80 9040 90 90 80 70 50 70 80 80 80 

70 100 4410 80 90 80 100 4410 110 110 110 90 100 140 

MCTS won (10/17) games already!
450 630 410 800 740 580 660 750 550 2890 710 830 

990 740 1030 870 1230 1170 1080 590 690 730 880 

600 1380 940 730 700 1230 1050 1050 880 700 740 

360 660 590 340 740 570 690 530 660 860 640 770 1290 700 600 

570 730 600 1790 720 520 1360 520 600 630 600 430 530 400 

310 1160 780 550 1250 760 920 590 820 1050 1000 810 

610 440 790 740 1030 1160 1090 1290 1060 620 1170 

570 720 700 770 580 540 640 630 1030 600 690 540 560 890 540 

510 540 420 870 600 3590 520 420 580 770 620 560 

490 510 750 530 410 450 510 690 470 3540 380 1270 

490 780 560 590 1110 430 540 1860 440 490 1870 420 420 

1670 1910 2480 340 1610 1990 

1040 3280 820 2830 790 470 770 

6060 2100 1840 

710 3570 840 240 970 2000 1020 650 

8060 530 480 430 500 

420 3900 540 1040 1280 950 930 940 

1210 8790 

390 530 1230 830 780 830 2380 3030 

230 1840 1050 1110 1590 770 1680 740 990 

240 270 3350 3530 2610 

170 1430 2630 510 3840 1420 

3640 130 1840 970 760 1170 580 910 

480 810 960 2190 580 1310 2500 1170 

80 40 50 5610 50 40 4130 

9920 80 

MCTS won (11/18) games already!
510 660 540 430 710 570 3670 630 890 670 720 

230 580 1000 600 2880 810 820 850 660 720 850 

460 300 690 340 500 4920 530 610 850 800 

200 440 510 450 310 350 5280 510 360 490 490 610 

420 250 5340 580 420 370 740 520 440 430 490 

1750 1630 1780 1430 1650 1760 

MCTS won (11/19) games already!
350 370 540 660 980 710 4670 900 820 

480 570 690 730 830 6700 

440 440 620 3780 760 1100 620 820 820 600 

810 580 380 710 590 850 880 690 740 350 690 570 780 780 600 

300 570 530 500 1740 390 440 590 450 3980 510 

3670 3180 3150 

MCTS won (11/20) games already!
